1697,68
1789,14
1809,43
1517,82
1498,38
1292,93
1302,48
1148,80
1525,76
1461,37
1373,59
1183,63
988,09
725,31
772,02
891,02
810,38
855,15
1047,08
1139,91
1235,31
1245,46
1345,12
1255,01
1034,87
946,17
1011,84
1070,97
1225,62
1389,07
1512,12
1570,71
1581,15
1716,59
1876,38
1985,55
2130,17
2275,55
2295,39
2318,37
2333,15
2330,69
2322,01
2307,36
2302,39
2298,35
2252,10
2242,63
2245,77
2188,56
2094,83
2113,34
2072,15
2057,07
2051,16
2150,09
2173,18
2158,53
2173,07
2203,33
2206,48
2280,06
2270,56
2255,19
2264,66
2201,51
2142,36
2077,38
2066,85
2057,06
2045,51
2046,80
2014,68
1974,58
1982,48
2009,67
2084,82
2296,20
2316,18
2247,10
2224,86
2051,68
1855,31
1608,18
1436,90
1280,60
1184,21
1092,31
1077,22
974,47
842,21
782,07
758,83
757,02
797,35
786,29
929,88
989,54
920,84
1063,23
1101,74
1190,17
1258,67
1329,11
1368,84
1439,44
1581,72
1628,08
1680,39
1778,19
1866,99
1922,79
1960,61
2046,04
2113,62
2105,28
2005,45
2039,90
2039,73
2082,39
2044,89
2025,85
1975,50
1952,30
1934,81
1893,67
1916,93
1897,24
1903,62
1849,83
1759,76
1746,33
1721,66
1666,80
1670,27
1577,68
1619,46
1585,16
1589,30
1507,27
1478,97
1408,73
1361,14
1239,74
1119,06
1064,73
1016,41
895,75
760,43
676,13
714,72
705,22
718,46
786,76
783,74
709,39
763,40
1081,38
1219,41
1340,34
1387,20
1561,35
1708,58
1658,90
1671,15
1636,26
1537,57
1668,57
1810,39
1681,51
1533,67
1466,96
1435,99
1357,01
1374,44
1398,37
1181,58
825,66
734,14
672,88
610,33
498,62
427,28
420,30
415,71
434,85
311,56
245,94
188,86
165,52
166,56
116,71
117,06
150,37
148,95
161,81
135,78
130,80
158,95
123,67
104,99
116,10
145,10
186,84
170,51
164,60
188,66
162,94
125,87
78,60
67,90
80,80
91,76
88,90
132,08
116,62
135,51
162,01
101,72
68,07
63,97
60,25
54,25
58,90
69,75
71,70
71,15
95,30
99,60
99,86
116,59
135,59
155,08
174,68
194,55
243,42
294,20
291,36
322,81
526,92
738,40
846,92
982,41
1004,28
886,14
802,79
703,19
678,49
634,41
662,20
650,26
599,53
615,26
778,43
962,02
880,37
626,21
413,13
276,75
152,29
74,52
56,52
111,14
199,62
233,43
435,86
667,19
953,91
989,20
1051,21
1090,49
1063,13
1138,63
1109,38
1150,89
1257,38
1359,73
1306,08
1260,17
1242,79
1121,39
1035,88
1008,00
982,89
943,40
951,50
1063,35
1416,29
1730,53
1808,47
1852,93
1985,38
2042,74
2192,14
2339,65
2362,19
2362,72
2372,23
2364,99
2365,66
2356,35
2363,08
2385,71
2393,33
2396,25
2393,72
2396,14
2390,52
2388,85
2380,99
2374,60
2346,72
2332,75
2313,57
2254,14
2233,73
2262,73
2193,47
2022,99
1973,46
2120,80
2119,10
2160,64
2185,72
2267,42
2276,33
2270,85
2298,21
2296,32
2318,61
2354,64
2304,61
2330,02
2206,19
2106,76
2187,30
2204,75
2261,49
2349,36
2334,33
2338,64
2264,07
2014,67
1871,41
1734,22
1659,83
1531,42
1443,10
1405,93
1347,94
1362,10
1264,00
1066,85
797,19
622,69
473,67
343,77
227,56
134,22
113,02
63,01
62,68
26,64
18,32
26,80
27,55
61,86
77,23
104,14
128,30
217,31
379,84
600,21
911,29
864,97
1168,72
1316,66
1415,84
1506,41
1647,83
2068,88
2291,32
2374,41
2400,63
2406,61
2402,73
2375,63
2378,22
2360,82
2320,24
2250,36
2329,86
2196,78
2105,31
2111,62
2062,60
1961,20
1719,84
1559,53
1358,49
1055,60
1007,64
793,35
805,78
767,56
810,83
879,54
844,43
974,27
849,88
1002,31
1091,35
1210,91
1076,98
1270,18
1393,09
1310,81
1395,00
1402,78
1419,65
1484,71
1640,38
1462,69
1705,58
1826,15
1627,42
2134,21
2145,44
2164,30
2299,78
2336,10
2321,62
2336,21
2231,44
2287,77
2354,89
2353,45
2285,06
2322,27
2303,93
2303,39
2299,65
2312,76
2177,68
2272,23
2318,31
2290,67
2126,17
2084,74
2059,36
2032,46
2115,94
2235,39
2364,21
2402,98
2409,95
2407,22
2403,71
2408,07
2396,92
2398,71
2398,13
2232,83
2025,10
1984,73
1936,29
1900,54
1772,79
1595,14
1424,70
1280,56
1285,29
1472,77
1815,12
1921,51
1974,84
1984,03
2043,63
1981,99
2072,51
2178,96
2113,30
2078,73
2141,53
2254,39
2211,99
2267,61
2299,83
2322,54
2312,14
2313,06
2328,36
2329,19
2312,65
2312,21
2309,86
2313,59
2319,15
2316,32
2314,17
2312,94
2297,61
2277,05
2259,41
2202,80
2060,02
1894,73
1851,99
1980,99
2144,49
2249,73
2278,82
2313,98
2326,01
2312,76
2318,73
2345,36
2354,75
2372,04
2371,69
2365,47
2379,35
2377,67
2379,15
2368,22
2373,48
2326,91
2358,84
2362,09
2322,02
2371,71
2337,76
2351,32
2372,38
2374,91
2369,01
2372,89
2357,65
2348,90
2356,77
2281,92
2272,93
2251,64
2253,91
2252,95
2261,32
2083,62
2297,60
2356,58
2362,74
2353,08
2345,03
1940,26
1892,62
1888,40
1905,26
1888,54
2288,81
2324,28
2306,51
2343,16
2351,67
2349,02
2334,43
2323,19
2248,11
2264,88
2281,88
2283,56
2274,09
2286,13
2310,61
2321,14
2311,78
2315,00
2315,81
2318,09
2315,99
2316,82
2310,49
2309,86
2328,40
2345,52
2342,20
2339,99
2225,97
1902,71
1543,52
1322,25
1020,53
851,80
879,81
1023,27
967,62
874,03
850,35
802,93
849,27
808,50
961,21
984,21
1142,61
1414,70
1531,04
1684,20
1989,70
2261,45
2307,80
2325,87
2357,15
2368,35
2359,65
2368,41
2366,56
2365,69
2379,98
2384,28
2381,19
2372,66
2372,68
2364,30
2373,82
2362,35
2348,42
2349,57
2363,16
2358,76
2337,77
2314,97
2222,77
2275,47
2198,11
2073,39
2029,75
1729,30
1727,45
1664,73
1559,50
1671,22
1795,41
1862,32
1815,90
1806,76
1775,22
1813,83
1756,28
1744,70
1780,10
1661,68
1442,42
1400,89
1424,91
1427,98
1408,62
1327,59
1380,13
1506,82
1709,18
1792,01
1788,89
1689,72
1725,08
1783,08
1916,78
2241,68
2334,16
2359,86
2345,31
2265,54
2283,58
2283,12
2262,88
2244,48
2237,09
2152,02
2189,77
2116,77
2040,09
1843,63
1582,80
1210,93
980,13
772,89
630,75
585,00
445,69
396,34
419,54
388,74
414,26
410,57
435,39
361,74
273,22
322,61
230,62
182,49
206,91
344,58
423,89
626,52
868,57
1096,56
1089,44
966,82
1043,65
1203,12
1306,00
1716,51
1812,61
1936,90
2120,83
2282,83
2304,96
2180,04
2308,88
2262,09
2201,67
2208,22
2362,51
2400,78
2282,50
2332,37
2259,42
2187,14
2143,09
2281,89
2223,99
1901,50
1945,09
1903,04
2213,68
2337,30
2382,16
2390,61
2472,64
2459,82
2472,17
2482,66
2483,27
2487,44
2489,64
2481,53
2495,13
2500,39
2494,06
2489,53
2453,35
2469,87
2476,81
2446,87
2466,52
2480,10
2488,56
2500,87
2487,52
2486,13
2481,24
2488,81
2482,44
2485,00
2444,71
2366,07
2220,48
2093,05
2226,62
2349,07
2242,81
2359,27
2373,21
2216,30
2037,77
2111,63
2155,81
2218,56
2277,05
2372,00
2390,71
2439,74
2468,72
2467,54
2474,66
2484,30
2494,42
2498,50
2494,80
2490,99
2491,88
2494,53
2497,45
2493,84
2457,27
2437,16
2401,36
2405,71
2311,85
2321,46
2318,13
2393,77
2431,19
2352,38
2324,61
2342,19
2399,32
2321,05
2321,80
2338,55
2440,56
2444,20
2380,70
2415,83
2331,66
2414,12
2369,17
2433,66
2459,32
2462,59
2264,92
2048,58
1616,95
1519,21
1523,45
2057,46
2402,05
2425,93
2404,87
2406,29
2424,36
2415,56
2453,31
2456,90
2465,15
2453,61
2376,28
2415,92
2443,36
2447,63
2420,91
2402,92
2396,49
2337,55
2319,41
2326,22
2296,73
2311,88
1944,43
1576,38
1373,79
1218,54
1126,39
1569,49
1990,98
1826,34
1455,52
1474,66
1407,38
1389,09
1368,23
1470,01
1752,22
1966,61
2004,55
2020,57
2044,17
2068,47
2124,35
2127,58
2246,90
2322,18
2361,60
2361,06
2355,68
2272,04
2183,79
2096,86
2122,41
2294,32
2303,55
2279,20
2390,88
2331,61
2430,63
2446,57
2400,64
2333,11
2264,45
2305,53
2426,29
2422,40
2334,41
2148,22
2185,21
2229,84
2261,95
2182,88
2044,43
1878,85
1602,57
1608,99
1438,25
1207,70
1391,12
1194,95
1036,70
1041,28
1169,75
1187,47
1053,44
1063,71
1466,33
1550,83
1646,57
1949,30
2105,55
1826,79
1893,76
1920,64
1742,75
1622,41
1325,13
973,09
688,75
516,01
387,91
287,97
135,13
72,61
38,97
17,68
43,86
89,87
142,36
193,54
326,95
538,31
802,81
1218,17
1601,41
1938,93
2179,13
2392,49
2454,53
2470,07
2469,14
2468,22
2461,74
2464,66
2435,09
2438,41
2428,09
2423,80
2429,56
2415,40
2387,20
2398,93
2383,92
2359,61
2320,72
2293,80
2281,78
2320,46
2158,42
2271,57
2326,70
2313,83
2325,16
2397,79
2438,68
2433,69
2379,22
2364,83
2360,74
2347,79
2373,79
2388,53
2380,33
2365,13
2330,96
2376,33
2387,57
2340,94
2398,36
2398,89
2388,65
2389,09
2390,59
2394,19
2371,76
2366,29
2325,05
2344,63
2401,25
2400,28
2413,97
2417,89
2374,55
2373,99
2370,12
2370,37
2378,99
2345,23
2336,02
2293,28
2227,71
2099,63
1933,64
1822,11
1776,96
1645,24
1525,41
1461,10
1374,11
1187,97
1022,72
798,38
785,53
550,21
349,93
333,72
323,59
450,23
458,33
491,98
402,20
348,26
348,60
500,20
595,12
639,60
806,74
966,92
1182,32
1213,92
1178,60
1301,82
1309,01
1262,09
1388,89
1584,30
1579,20
1622,62
1518,51
1801,77
1795,08
1550,12
1467,65
1393,56
1441,28
1515,70
1522,45
1504,13
1591,71
1454,65
1208,51
1206,93
1219,06
1059,78
926,90
854,21
853,95
790,60
698,83
595,49
676,14
687,50
606,62
490,92
402,37
347,34
320,74
327,96
352,69
384,94
422,77
376,16
258,11
205,56
303,99
433,04
397,44
421,06
410,64
454,97
518,53
504,23
561,31
566,89
641,36
637,32
697,85
716,83
647,96
793,03
813,76
836,10
761,54
995,41
1393,51
1764,02
1863,43
1851,59
1945,35
2031,36
2011,12
1929,45
2013,01
1965,30
2055,84
2203,58
2234,44
2240,83
2261,64
2222,49
2216,77
2055,70
1998,27
1888,97
2051,56
2182,69
2226,19
2313,24
2395,84
2440,78
2406,07
2423,09
2375,51
2422,20
2392,26
2408,00
2421,92
2392,68
2338,07
2287,12
2172,36
2028,77
1740,77
1459,40
1156,50
874,96
594,09
499,87
459,37
381,51
303,32
244,44
175,49
172,97
119,96
109,25
192,57
440,12
657,76
920,90
1081,54
1169,42
1301,89
1477,77
1616,59
1783,37
2064,40
2225,92
2342,09
2365,64
2303,88
2029,00
1852,13
1618,05
1545,96
1533,48
1592,56
1685,25
1835,95
1830,58
1886,07
1633,54
1308,01
968,84
716,19
530,03
863,35
1163,32
1536,95
1422,88
1794,67
1715,16
1388,86
1097,80
836,43
946,25
1065,93
1288,31
1283,52
1521,76
1524,96
1621,21
1656,14
1955,92
2040,27
1901,69
1875,44
1675,96
1563,11
1601,36
1835,19
1854,23
1825,20
1931,89
1755,09
1688,56
1734,79
1801,19
1830,01
2091,50
2002,77
2035,13
1866,86
1932,44
1988,80
2086,03
2170,02
2255,91
2130,13
2255,93
2390,80
2405,19
2423,77
2453,12
2445,83
2420,12
2362,25
2122,81
1987,91
1849,57
1887,37
1667,30
1539,92
1590,45
1770,49
1769,53
1669,59
1729,33
1975,88
2122,74
2074,97
2197,70
2325,22
2366,60
2389,45
2350,26
2262,37
1885,19
1608,21
1373,52
1262,07
1337,15
1391,33
1275,04
1249,17
1410,49
1398,35
1276,20
1169,82
1272,27
1395,01
1542,93
1951,92
2181,93
2282,80
2387,13
2490,51
2494,39
2431,81
2336,07
2107,39
1908,17
1899,97
1887,75
2213,92
2398,36
2424,46
2436,79
2443,04
2469,34
2461,33
2386,50
2353,02
2304,26
2125,69
1644,86
1903,50
2110,30
2051,14
1996,82
1953,03
1684,15
1533,75
1426,70
1112,22
805,60
723,31
639,17
625,27
617,68
570,88
557,68
548,64
589,79
621,81
641,79
566,13
544,86
710,77
803,72
722,94
829,02
1091,84
1231,96
1218,95
855,73
1077,98
1302,28
1417,10
1392,92
1177,61
1081,78
968,80
917,69
1124,08
1071,93
953,77
785,37
608,90
553,62
493,52
513,57
506,44
364,94
306,89
258,73
158,75
118,85
78,34
100,57
83,26
83,42
106,34
93,07
158,40
144,59
112,55
102,60
154,05
241,89
334,66
435,46
425,85
396,80
515,91
589,02
517,10
503,89
516,30
520,83
577,83
492,44
439,08
357,62
321,32
266,97
217,16
183,20
171,47
128,03
100,94
113,62
80,20
43,62
34,60
47,06
75,65
98,51
150,73
156,87
170,74
232,76
301,09
386,86
489,31
623,33
804,68
945,95
955,49
1009,78
1147,10
1161,90
1319,35
1233,61
979,16
840,92
944,55
925,22
884,75
945,42
1046,15
1006,08
989,94
959,67
965,49
924,54
1010,16
1301,13
1584,26
1760,55
1912,77
2048,73
2040,06
2036,61
1901,96
1896,72
1971,10
1976,38
1940,33
1901,86
1885,31
1739,90
1671,46
1608,69
1487,52
1128,53
913,72
728,99
599,25
598,41
784,06
912,09
968,59
928,79
1046,14
857,97
728,68
750,90
985,83
1111,26
1195,33
1289,48
1313,63
1376,43
1390,81
1271,69
996,73
842,48
692,48
484,85
367,08
286,58
280,19
349,05
477,99
777,06
1098,45
1136,68
1284,27
1484,56
1703,76
1553,58
1542,35
1523,68
1535,17
1500,34
1411,26
1308,22
1503,25
1624,73
1721,42
1638,28
1558,53
1633,92
1702,70
1786,92
1872,11
1753,45
1829,71
1892,15
1726,57
1658,55
1528,83
1476,01
1531,54
1410,67
1213,23
1061,68
1137,93
1216,81
1405,24
1500,29
1517,70
1563,37
1601,46
1686,00
1674,88
1577,48
1640,54
1759,34
1801,79
2000,52
2037,79
2079,90
2152,59
2149,01
2112,14
2111,04
2058,82
2123,97
2188,87
2176,89
2187,60
2263,95
2268,59
2269,46
2210,28
2115,44
2143,69
2083,41
1939,45
1965,44
2027,32
2005,32
1988,67
2094,96
2015,65
1943,32
1872,75
1956,77
2044,48
2111,63
1767,10
1173,28
962,44
945,85
818,70
885,69
791,52
676,25
506,06
442,98
368,38
314,39
432,40
586,54
586,47
556,69
609,30
646,88
674,40
773,48
823,13
832,37
797,73
733,77
622,51
592,50
614,45
669,88
667,22
672,73
641,75
624,47
655,19
642,69
524,47
534,33
549,72
513,61
576,37
529,68
522,43
500,13
463,55
436,43
476,55
407,18
374,60
416,77
369,77
298,04
275,50
267,19
288,28
267,68
272,18
318,36
361,45
314,41
277,92
258,73
270,12
294,16
328,24
457,64
627,78
815,21
1048,33
1210,28
1278,18
1438,96
1470,78
1488,75
1505,33
1616,96
1659,75
1853,43
2002,12
2102,34
2130,64
2184,49
2247,24
2223,29
2276,40
2195,46
2234,08
1496,64
1815,18
2296,43
2357,21
2370,62
2335,87
2377,47
2383,87
2383,48
2371,35
2381,84
2384,07
2392,58
2392,01
2391,71
2388,55
2387,89
2392,48
2393,70
2393,51
2397,85
2398,68
2357,40
2367,11
2334,78
2315,73
2386,96
2395,51
2394,20
2399,52
2396,63
2401,50
2389,90
2394,54
2397,96
2395,84
2395,58
2396,34
2390,77
2388,54
2381,34
2387,51
2392,24
2386,85
2356,52
2277,71
2146,31
2089,19
2054,52
2112,73
1991,79
2037,66
2110,09
1992,99
1771,00
1687,05
1526,85
1383,44
1185,64
1077,00
901,56
746,02
608,43
489,57
487,58
498,93
418,81
381,09
331,92
331,70
364,51
285,58
265,05
219,10
192,11
177,56
165,13
195,19
262,60
250,81
195,59
142,11
161,66
195,76
259,99
253,32
408,41
498,68
577,84
729,78
851,85
1006,64
1164,47
1132,00
1069,94
1092,13
1152,59
1201,10
1298,66
1492,96
1618,97
1769,24
1847,17
1826,22
1833,99
1931,52
2020,48
2108,55
2106,64
2027,74
2017,64
2040,31
2248,84
2288,84
2320,28
2285,13
2219,67
2192,50
2170,13
2199,16
2165,91
2193,01
2139,80
2080,67
2067,20
2100,15
2043,06
2128,37
2271,10
2310,15
2196,19
2283,20
2346,50
2233,21
2227,33
2263,73
2341,03
2369,08
2366,44
2343,05
2243,56
2154,48
2233,82
2168,66
2192,25
2221,14
2182,35
2212,10
2249,57
2279,55
2280,14
2295,49
2364,96
2365,45
2352,13
2433,07
2389,45
2397,38
2351,12
2400,44
2374,60
2415,98
2330,92
2403,33
2408,55
2175,12
2102,90
2135,97
2174,74
2125,02
2267,64
2265,99
2310,45
2283,41
2261,43
2263,39
2221,70
2029,42
1690,74
1450,52
1226,02
1101,74
1112,14
1007,00
868,40
735,39
752,53
810,27
754,39
579,32
554,97
586,44
645,25
686,83
614,08
668,80
788,49
942,92
1018,90
1084,21
1193,62
1392,85
1409,71
1445,09
1469,44
1509,21
1561,14
1579,01
1632,49
1590,93
1551,88
1493,59
1393,17
1323,48
1303,77
1285,62
1220,26
1168,17
1265,19
1318,54
1432,28
1472,37
1591,57
1688,48
1757,15
1806,59
1827,24
1719,26
1642,74
1577,98
1534,25
1507,38
1517,24
1567,74
1595,18
1661,56
1629,51
1645,98
1573,64
1522,31
1532,81
1489,19
1500,62
1530,72
1609,46
1625,81
1559,84
1471,43
1241,73
1141,50
1093,59
1004,41
867,71
622,19
522,10
411,53
336,61
297,97
233,64
127,19
55,00
34,26
22,48
27,00
11,23
0,21
0,29
12,45
28,58
51,78
124,12
152,80
215,12
329,84
584,20
812,69
938,92
945,70
1012,08
872,07
662,22
514,01
391,68
328,40
517,82
486,02
372,44
370,85
217,01
159,37
212,21
424,73
910,32
1225,36
1429,47
1472,69
1560,73
1919,96
1937,98
2013,39
2064,06
2192,00
2309,58
2323,04
2247,43
2218,45
2231,70
2089,63
2025,22
2068,57
2003,28
2012,23
2109,95
2165,98
2190,08
2177,67
2125,41
2087,32
2021,54
2098,71
2081,14
1969,68
1836,12
1765,06
1657,61
1490,53
1424,02
1500,68
1461,78
1478,43
1594,36
1408,78
1305,11
1005,99
1016,50
1146,58
1012,74
1012,72
1467,02
1624,93
1858,05
1784,16
1917,83
2044,75
2086,24
2025,69
1993,36
2030,96
1983,16
1845,64
1741,76
1675,40
1626,86
1502,31
1306,10
1124,38
958,22
717,22
616,69
612,96
666,34
822,84
907,49
904,64
889,78
856,35
908,59
776,21
685,57
401,38
182,28
218,78
231,15
229,20
233,56
264,08
248,92
263,50
341,89
232,99
203,94
272,18
243,13
280,93
231,49
246,01
203,39
129,88
121,11
142,70
92,92
140,09
146,31
101,73
150,08
170,62
123,76
99,25
134,34
218,61
292,20
353,97
422,88
472,77
590,83
662,32
862,96
946,35
1094,44
1165,11
1572,11
1989,30
2015,38
2084,32
2095,79
1983,51
1965,02
1879,68
1824,55
1801,56
1719,42
1617,98
1634,09
1689,43
1771,16
1673,24
1629,94
1505,73
1238,70
1095,67
1177,43
1094,50
1101,72
1067,01
1016,57
842,89
749,24
740,65
703,65
697,41
603,36
461,41
316,25
383,07
484,36
446,35
446,46
551,98
547,49
532,89
640,16
806,96
817,57
708,18
699,06
957,86
1057,46
1190,62
1242,57
1450,68
1665,54
1587,67
2075,30
2151,68
2013,67
1706,35
1850,60
1989,58
1840,63
1771,47
1999,93
2001,28
2161,28
2313,48
2341,97
2360,00
2377,34
2285,11
2118,21
1951,35
1735,23
1567,18
1648,52
1494,15
1425,54
1136,70
926,34
762,42
641,28
674,32
724,10
814,20
819,91
872,66
941,45
910,34
847,88
906,74
1110,28
1373,61
1357,46
1199,44
1270,85
1230,47
1280,20
1394,67
1522,98
1693,75
1973,53
2051,02
1915,75
1962,12
1384,41
1216,03
1094,32
892,47
748,25
628,33
449,40
321,62
254,71
273,88
316,89
267,04
313,05
438,59
342,13
228,47
266,31
375,44
403,65
445,17
334,50
297,81
404,15
437,69
330,86
209,58
186,89
157,65
129,34
215,84
270,10
311,65
322,63
325,58
283,66
372,81
571,79
760,71
750,17
856,74
877,52
826,73
1003,16
963,06
923,08
977,73
1140,86
1234,91
1183,60
1100,70
981,67
1069,74
1319,21
1273,66
1297,67
1479,87
1508,29
1648,36
1413,60
1602,66
1610,04
1610,48
1527,08
1517,37
1530,73
1428,82
1257,15
1097,50
972,79
927,24
894,98
826,19
855,02
830,20
805,32
788,64
830,75
808,39
805,72
712,97
625,94
570,14
508,45
508,94
490,03
431,81
468,11
522,19
612,90
758,76
851,44
1033,23
1367,82
1627,61
1830,51
2033,94
2113,79
2229,97
2341,08
2351,92
2313,52
2148,32
1800,94
2029,41
2071,12
1931,93
1710,19
1440,30
1353,81
1365,78
1412,97
1308,93
1128,47
1140,91
1199,35
1269,01
1418,49
1784,25
1933,16
2040,59
2127,49
2162,32
2041,79
2223,49
2060,01
1944,45
1720,77
1525,88
1214,08
1005,08
819,85
560,63
543,06
883,69
1328,04
1682,26
1634,54
1658,48
1968,02
2303,32
2459,84
2465,97
2464,06
2463,35
2455,35
2437,38
2343,43
2236,05
2236,65
2206,64
1958,33
1673,35
1399,40
1001,89
921,39
926,68
702,15
595,73
780,23
934,54
1062,47
1250,94
1458,00
1438,33
1709,39
1985,55
2316,30
2412,55
2446,84
2439,22
2431,71
2240,69
1668,09
1635,05
1524,94
1356,35
1317,53
1527,91
1638,86
1526,83
1452,76
532,91
438,40
492,81
516,14
403,57
514,14
1327,00
1346,99
1337,17
1351,23
1391,57
1475,29
1716,69
1796,55
1727,77
1812,29
1762,77
1631,22
1552,61
1304,30
1155,15
1058,66
809,90
640,43
514,85
359,78
264,03
190,84
119,82
152,44
187,19
159,68
178,59
124,01
103,22
163,07
251,12
315,95
490,55
760,55
852,38
1141,06
1355,76
1573,18
1420,49
1443,57
1473,53
1681,15
1649,67
1580,09
1484,29
1204,21
1151,27
1044,50
1379,10
1919,46
1808,95
1807,72
1854,42
1808,99
2158,18
2415,33
2352,57
2373,22
2278,13
2449,46
2474,25
2488,25
2482,58
2439,90
2458,28
2266,07
2204,91
2164,09
1992,77
1930,03
2001,66
2071,54
2004,26
1920,35
1630,95
1470,88
1411,10
1523,16
1661,95
1676,35
1755,21
1763,75
1867,26
2168,47
2345,81
2391,56
2464,75
2443,50
2459,54
2330,56
2323,99
2345,64
2203,93
2280,09
2193,50
2047,56
2089,33
2151,68
1922,85
1780,49
1660,38
1624,60
1524,54
1523,86
1543,04
1562,82
1766,82
1812,81
1898,63
2028,52
1936,96
1763,55
2053,22
2126,29
2198,44
1706,62
1741,64
1619,51
1854,61
1955,98
2056,12
2016,95
2130,15
1899,33
1799,93
1764,47
1608,51
1656,65
1620,68
1436,52
1331,60
1295,07
1366,54
1486,67
1439,83
1441,68
1413,73
854,07
561,10
562,58
272,61
266,35
256,52
514,50
1054,44
1313,48
1296,42
1507,34
1628,32
1958,40
2092,39
2050,34
2213,29
2192,19
2181,81
2188,38
2314,04
2354,91
2331,42
2344,70
1561,03
970,46
570,24
438,59
432,49
430,72
425,14
578,82
2156,88
2209,36
2038,84
1959,65
1833,35
1592,41
1500,40
1410,86
1381,30
1350,70
1153,49
751,93
631,06
506,29
611,13
813,34
835,64
836,51
929,05
1020,11
1049,93
945,25
1153,28
1480,31
1586,93
1440,02
1609,78
1835,59
1866,25
1690,71
1388,27
1456,62
1398,57
1335,88
1265,26
1362,99
1456,34
1591,50
1635,73
1330,51
1137,46
1068,02
864,69
935,70
935,13
993,69
1212,79
1217,31
1149,34
1031,24
759,32
570,30
567,34
580,18
622,42
595,25
479,28
615,58
672,28
603,78
763,51
743,11
675,19
495,55
373,65
334,13
210,43
163,16
212,95
222,16
168,91
207,57
222,76
232,46
206,64
187,11
137,38
97,81
69,81
78,02
82,40
108,04
188,92
286,47
316,89
350,97
317,93
328,54
248,49
282,39
293,59
406,60
552,46
809,57
943,43
794,76
640,18
597,95
572,00
460,77
455,27
484,52
485,94
580,99
964,07
1078,40
1016,47
1170,62
1288,92
1361,19
1545,98
1515,59
1329,25
1537,00
1565,85
1545,47
1491,20
1392,49
1322,25
1660,06
1774,66
1999,69
2070,29
1963,74
1803,75
1644,94
1474,60
1272,71
1012,94
686,86
545,16
500,29
388,15
334,56
244,15
150,45
117,17
113,35
171,44
349,06
597,58
853,60
1011,57
1081,43
1012,66
888,25
722,74
282,95
310,91
639,86
593,49
570,09
635,41
645,26
641,40
561,99
454,83
439,98
488,55
525,13
518,54
445,74
428,83
539,21
544,06
563,35
597,26
570,77
779,55
1118,39
1248,67
1022,71
974,52
1035,87
1056,35
987,68
575,84
456,29
400,32
408,80
503,45
558,97
622,42
602,06
458,10
323,79
324,60
244,82
181,81
124,64
153,15
193,34
163,62
143,14
178,47
167,78
86,62
70,37
128,56
162,68
216,26
268,96
373,86
442,77
468,50
618,20
718,65
785,58
931,48
1075,77
1208,07
1450,53
1359,06
1517,78
1719,95
1551,89
1499,57
1408,03
1476,81
1456,22
1430,14
1532,17
1396,49
1385,38
1359,46
1267,14
1306,64
1360,04
1174,82
1032,44
994,92
988,10
864,89
631,43
570,33
538,77
507,13
463,12
454,63
553,12
492,84
540,22
523,97
476,79
423,35
281,24
304,25
277,41
304,91
306,63
240,56
229,73
240,90
239,94
266,96
256,61
248,07
273,61
311,15
296,31
341,55
304,90
326,79
289,11
188,77
249,92
231,18
273,04
332,90
373,55
519,64
483,13
476,74
483,63
511,50
567,76
609,61
757,84
847,92
805,48
867,14
1017,62
1301,11
1507,83
1461,37
1476,27
1072,62
821,24
589,98
565,73
644,88
500,69
371,92
326,80
324,13
269,54
233,75
240,38
243,03
178,76
133,42
163,70
175,51
172,86
171,32
162,02
127,59
154,20
219,30
308,10
520,89
686,55
869,47
1239,20
1676,49
1988,68
2242,69
2256,99
2219,99
1931,86
1722,41
1490,37
1425,96
1632,67
1830,32
1916,21
1857,24
1612,44
1856,24
1463,07
1320,07
990,03
576,48
691,63
995,09
1270,65
1723,65
1888,74
1847,04
2215,84
2312,11
2270,23
2182,15
2156,27
2230,67
1962,49
1646,79
1513,56
1158,74
1054,46
1016,06
1055,93
1241,68
1288,51
1230,09
985,32
777,92
671,83
595,08
513,22
536,32
428,21
431,54
468,72
623,50
867,00
1068,73
1146,95
1307,00
1417,33
1386,42
1435,02
1629,83
1816,14
1997,19
2106,00
2105,22
1946,81
1804,04
1903,89
1911,10
1901,82
1822,60
1732,88
1898,92
1963,20
1869,75
1983,68
2097,28
2126,59
2068,15
2016,77
1975,10
1844,53
1824,84
1770,81
1724,49
1636,71
1574,43
1548,44
1365,79
671,79
459,47
493,49
218,44
190,15
187,89
451,48
1319,06
1956,00
2045,50
2140,86
2211,85
2226,69
2237,69
2243,75
2233,48
2237,06
2244,75
2252,27
2241,03
2243,25
2246,85
2171,98
2138,71
2225,43
1523,73
831,33
419,91
1328,05
1548,82
2284,55
2265,28
2242,92
2252,18
2335,68
2336,02
2338,06
2331,54
2386,29
2442,07
2405,37
2335,11
2370,68
2363,82
2304,62
2263,02
2181,46
1945,99
1875,37
1797,47
1776,19
1717,05
1777,25
1813,45
1783,38
1416,84
1178,48
1146,58
1151,52
782,49
542,49
446,46
391,72
387,99
282,78
218,83
180,98
189,89
158,47
168,32
143,21
113,71
116,40
148,73
165,80
150,49
205,30
169,76
100,67
67,01
49,91
37,31
8,78
8,23
4,95
5,98
6,03
8,06
33,87
52,64
175,41
264,96
346,18
501,74
599,76
606,17
612,33
519,91
488,41
540,57
462,63
564,83
689,77
986,07
908,76
1090,98
1038,03
815,96
760,29
855,12
832,53
917,00
922,21
746,27
651,27
584,22
581,85
614,40
496,99
407,97
407,77
395,48
380,96
329,23
315,30
322,45
323,99
271,87
269,81
289,29
293,03
404,07
617,55
931,57
1053,65
1041,59
1089,10
969,55
1015,57
985,77
773,70
709,56
719,28
641,35
503,91
363,88
291,00
265,54
222,79
128,88
76,15
41,97
30,32
19,20
18,09
16,81
6,00
3,93
7,09
29,01
32,79
32,71
39,96
39,92
37,56
37,25
27,38
41,59
40,18
45,18
84,17
98,23
73,55
62,60
88,42
130,03
120,11
117,71
114,06
158,88
202,29
178,45
194,14
192,51
205,05
239,05
289,43
312,95
350,37
374,32
389,19
457,26
548,85
452,61
508,87
550,84
615,24
677,76
911,28
929,29
848,27
780,05
806,66
1005,82
929,96
828,22
861,04
853,56
886,64
837,79
850,00
950,42
920,23
777,40
581,52
441,32
419,70
408,85
273,99
203,86
181,03
227,86
172,65
110,66
183,05
231,89
123,76
67,36
68,44
86,22
113,84
113,59
61,78
51,73
79,58
92,91
82,21
77,93
48,95
20,11
14,49
9,01
3,13
7,23
4,74
39,31
75,69
113,04
133,84
177,71
202,66
218,92
215,32
211,09
213,76
220,81
201,49
229,69
229,27
267,56
308,39
319,84
344,85
4,71
3,64
4,29
4,72
7,63
11,01
11,79
184,03
781,24
964,17
1143,96
1228,70
1266,37
1270,29
1209,36
1213,86
1224,00
1207,57
1169,25
1158,65
1161,08
1292,19
1206,50
1170,06
1070,49
1108,57
972,06
561,19
966,94
1110,39
1329,20
1521,98
1553,27
1594,71
1651,85
1739,03
1762,56
1837,48
1834,17
1778,77
1680,67
1525,26
1482,12
1473,05
1549,81
1582,71
1572,31
1469,81
1386,88
1017,87
233,68
274,91
301,12
334,52
398,82
1843,45
2028,35
2100,17
2125,16
2198,08
2125,23
2119,64
2088,49
1994,47
1765,06
1729,46
1746,76
1729,63
1729,28
1785,97
1744,61
1457,79
1356,11
1138,63
1082,53
1357,06
1221,34
1385,86
1581,17
1918,67
2003,37
2074,57
2019,16
2214,69
2272,73
2192,83
2156,90
2246,02
2275,26
2264,60
2221,86
2163,35
2253,23
2266,21
2246,69
2145,21
2047,70
2041,47
2046,70
1884,36
1662,37
1680,72
2183,70
2310,96
2301,50
2341,97
2377,34
2393,35
2379,72
2383,14
2314,25
2360,90
2362,55
2371,33
2366,08
2262,59
2216,15
2233,59
2107,55
1863,38
1724,95
1749,08
1753,36
1887,89
1939,41
1838,11
1952,31
1913,92
1821,47
1939,03
2123,23
2107,97
2076,95
1983,84
1853,10
1645,43
1485,47
1355,95
1158,92
1035,07
989,24
950,48
836,17
752,79
689,73
709,34
733,76
677,27
211,50
127,65
481,49
470,19
749,73
849,70
952,73
825,79
754,54
762,12
771,04
739,69
559,60
508,75
461,01
229,48
81,41
164,38
265,05
207,45
150,79
179,47
238,63
353,98
471,49
119,88
110,88
202,70
893,42
974,96
911,01
744,80
587,82
429,81
351,89
347,50
292,51
289,56
312,14
313,63
276,56
276,45
335,29
380,57
333,74
303,69
342,49
467,77
344,75
565,36
737,65
925,61
993,22
981,89
1057,38
1144,11
1404,46
1540,09
1597,57
1541,61
1535,64
1559,76
1541,21
1572,39
1731,68
1674,83
1454,91
1437,74
1352,43
1332,64
1311,01
1353,94
1469,85
1496,28
1493,08
1602,55
1617,54
1601,62
1640,95
1743,19
1822,42
1804,84
1864,60
1903,79
1910,92
1848,05
1725,44
1830,38
1708,37
1957,00
1963,80
1882,71
1833,27
1801,29
1771,41
1771,98
1764,15
1670,70
1673,32
1622,18
1556,31
1424,98
1433,19
1334,52
1260,79
1172,07
1089,01
1071,43
1143,34
959,92
804,15
618,88
584,98
546,13
543,03
515,70
517,36
520,77
527,97
588,72
569,12
284,16
130,43
162,98
280,44
411,27
405,31
300,23
194,55
204,37
379,50
339,12
316,39
306,32
287,63
230,63
151,47
105,59
65,37
57,74
36,29
48,27
50,85
27,84
32,18
26,03
14,08
15,97
50,56
105,03
130,87
220,75
341,92
407,85
479,61
420,75
377,73
323,67
344,08
317,04
295,74
313,08
306,03
372,01
383,47
446,21
367,44
337,00
350,92
228,30
263,91
285,90
328,43
279,25
198,22
230,21
258,84
315,80
400,99
376,67
352,13
326,16
342,97
364,49
316,95
437,16
356,73
251,51
221,44
228,63
258,84
66,58
25,85
27,37
17,68
380,01
346,58
447,25
520,55
683,08
796,90
1084,83
1413,34
976,84
963,45
822,85
690,41
793,39
909,00
823,23
817,43
672,86
714,12
757,26
650,24
570,73
573,38
541,03
528,49
517,47
471,79
329,39
213,67
173,96
123,53
139,57
126,67
110,52
110,66
74,58
126,90
308,64
302,59
232,55
188,20
203,00
225,13
458,75
665,60
840,06
834,16
752,07
750,31
719,68
690,83
512,21
391,51
376,64
446,26
440,72
496,34
612,26
843,82
1131,51
1311,32
1487,43
1664,65
1722,28
1754,86
1656,41
1483,18
1592,80
1671,94
1660,13
1535,54
1367,24
1189,13
1445,47
1402,79
1344,11
900,54
790,81
984,40
984,23
898,46
792,11
777,17
786,62
693,98
585,27
656,05
802,47
698,01
632,72
558,16
471,92
553,16
448,22
329,64
200,92
120,00
68,26
52,96
118,10
109,12
60,69
154,79
224,80
264,73
343,27
535,20
485,52
404,25
517,15
585,51
564,63
459,16
615,87
888,42
997,20
1148,09
1146,85
999,83
869,67
862,20
993,14
926,16
1014,89
1197,57
1269,11
984,96
910,07
763,31
686,94
532,24
459,30
424,64
528,12
515,43
652,58
708,80
626,45
361,10
240,02
272,24
311,70
373,09
491,06
774,94
1010,90
1034,61
938,89
1221,24
1220,21
1149,58
1153,78
1138,05
1156,20
1175,34
1316,05
1274,50
1241,91
1226,43
1287,59
1325,14
1115,71
1261,42
1466,40
1312,31
1227,22
1173,23
243,41
154,05
727,62
1410,36
1247,17
1168,57
1469,46
1500,67
1746,07
1856,45
1707,63
1862,36
1750,22
1484,68
1427,22
1356,74
1203,30
1292,15
1110,30
1118,26
1150,99
1192,69
1124,22
1153,20
1091,59
1019,00
1115,87
1122,33
1101,08
1081,47
1110,32
1070,19
1030,97
995,03
933,02
781,43
719,15
625,14
511,51
407,19
388,05
402,34
337,70
268,08
341,41
489,81
504,73
743,31
920,53
1021,30
921,29
1114,32
1123,17
1058,06
1138,02
1152,20
1260,69
1259,45
1499,90
1512,65
1738,09
1840,55
1754,68
2161,05
2248,66
1957,87
1652,35
1800,17
1684,81
1372,54
1135,31
1188,12
1111,31
842,68
1038,88
1195,47
1160,61
1077,64
1395,90
1382,76
1175,84
1570,89
1361,32
1556,05
1441,48
1179,31
1183,66
1313,50
1301,92
1097,17
943,57
983,91
860,84
897,44
954,42
1015,40
743,62
696,73
622,57
574,84
370,83
357,62
463,52
515,99
515,23
489,86
563,02
535,89
456,19
430,79
482,12
522,73
515,53
587,89
732,03
669,94
602,20
1048,88
1072,74
977,81
1139,60
1105,97
1152,49
1164,76
1262,84
1191,52
1154,49
1008,08
1099,34
1211,04
1217,67
1304,15
1434,30
1366,51
1411,12
1476,64
1298,78
1289,78
1175,65
1269,76
995,03
601,08
216,26
124,71
123,14
194,24
335,39
1438,63
1731,68
1820,99
2000,66
1876,59
1802,32
2057,91
1928,24
2029,13
2063,49
1964,07
1752,47
1823,41
1657,66
1813,75
1441,92
704,40
263,44
247,91
227,48
160,94
213,80
165,95
360,35
1555,64
1994,16
1933,23
2135,45
2089,65
1914,77
1970,42
2027,98
1916,14
1967,24
1961,69
1908,05
1959,98
1927,52
1850,94
1771,99
1636,61
1557,41
1523,22
1458,37
1314,95
1136,04
1032,16
1032,57
1192,77
1297,76
1166,76
1044,86
1120,93
1090,19
823,31
677,65
737,36
755,99
902,44
894,51
964,78
1067,25
1111,12
1086,72
1163,60
1349,27
1316,97
1131,31
1392,38
1471,77
1537,18
1519,68
1502,77
1585,79
1739,90
1750,71
1805,16
1929,56
1909,34
1892,57
1784,73
1750,92
1753,81
1927,82
1970,10
2090,06
1909,16
1790,62
1663,01
1497,56
1349,35
1332,79
1231,66
1129,97
1378,41
1276,45
1399,80
1455,69
1180,73
1413,37
1501,85
1507,17
1276,64
1302,12
1261,17
1369,63
1378,65
1379,86
1336,26
1248,60
1101,40
986,06
907,91
815,13
831,41
846,83
816,42
782,15
827,95
808,90
797,16
626,05
496,86
543,64
590,72
477,30
456,89
430,99
462,83
545,18
569,73
634,33
686,49
794,98
1015,59
798,58
955,60
1222,42
1375,11
1443,16
1439,22
1451,05
1427,71
1388,36
1357,60
1447,23
1536,17
1607,99
1423,99
1548,10
1623,42
1671,54
1543,75
1450,05
1528,94
1466,86
1660,99
1804,14
1828,73
1374,64
1359,09
1340,03
1308,36
1361,04
1281,51
746,71
594,95
643,92
656,93
1578,76
1667,14
1587,40
1492,34
1360,48
1424,46
1442,02
1526,41
1554,39
1627,52
1598,65
1611,57
1534,36
1443,68
1070,02
860,79
825,94
719,40
690,06
638,41
574,44
197,18
212,76
554,80
541,61
737,09
797,38
922,41
885,29
764,72
800,02
682,10
756,36
648,37
503,64
405,81
400,64
360,32
371,39
323,32
363,14
418,71
495,43
519,60
617,18
570,85
513,98
523,12
434,31
423,58
515,00
547,83
578,91
639,02
690,65
687,26
695,74
771,72
748,08
744,35
700,25
623,30
516,93
457,40
382,47
357,33
329,17
366,02
459,06
456,74
359,11
275,38
294,37
354,79
305,93
279,78
311,67
379,29
440,74
514,75
484,30
527,03
735,05
924,08
1018,49
1023,39
936,01
1010,44
963,38
929,17
943,55
1021,96
1254,46
1341,18
1544,57
1683,65
1849,53
1801,31
1934,21
1816,31
1701,29
1566,94
1420,55
1365,30
1313,41
1321,60
1203,50
1031,46
969,03
890,16
712,46
585,15
576,17
462,71
425,59
390,76
423,29
331,92
356,48
249,99
180,93
131,28
112,71
69,42
65,49
112,25
169,06
144,77
76,22
21,65
11,67
17,79
29,49
29,60
49,39
69,87
88,53
123,20
128,47
195,81
204,38
289,99
460,63
645,09
911,60
941,04
864,76
729,17
816,96
849,45
849,38
768,37
684,33
829,50
932,09
853,75
762,34
651,91
765,50
877,13
719,57
735,56
909,13
775,37
880,29
1039,04
1199,55
1142,97
1003,17
930,15
1120,52
1223,69
1095,29
1217,72
1264,41
1224,74
1235,57
1111,39
1047,10
1092,60
996,81
899,32
756,42
623,30
432,20
522,13
398,11
392,49
358,21
387,63
415,55
479,54
377,28
327,68
386,07
438,08
463,22
448,88
447,13
478,88
458,02
414,33
427,19
420,30
363,70
289,93
239,29
197,71
119,41
71,27
54,19
36,21
24,31
9,16
23,92
26,87
12,50
2,89
1,64
0,34
0,67
0,08
0,04
0,02
0,03
0,57
0,65
0,87
0,61
1,88
4,22
10,56
13,03
19,84
17,50
31,62
37,15
60,05
111,41
150,60
209,91
262,72
289,62
301,02
244,19
269,19
297,07
227,10
185,32
129,09
117,89
92,04
95,52
113,35
147,59
126,87
106,90
149,50
178,17
242,61
303,59
310,09
360,24
421,61
472,56
458,04
394,12
378,66
529,54
527,17
536,73
599,94
618,46
652,07
627,33
647,54
703,13
744,96
690,49
664,10
567,90
507,51
493,17
433,01
538,56
730,66
1003,16
1149,20
1086,79
845,12
883,76
979,27
857,48
387,86
252,48
255,30
267,83
94,95
53,72
88,91
144,30
168,33
130,26
228,89
680,32
915,65
1115,85
773,08
825,89
895,49
958,63
2096,64
2238,29
2220,15
2083,61
2055,87
2015,99
1920,85
1643,73
1307,89
1051,84
1003,72
1047,49
1031,73
852,63
675,59
635,90
566,58
498,31
379,58
325,56
158,29
144,10
299,23
277,96
258,57
291,55
291,76
255,17
247,43
290,15
365,15
513,76
658,61
873,84
985,76
1038,67
882,26
1052,26
938,65
697,90
718,69
590,64
433,31
392,71
570,78
663,88
564,15
673,61
845,42
856,47
743,19
644,77
670,65
650,35
660,04
612,59
673,16
658,39
570,07
457,05
352,36
321,72
322,24
276,00
410,55
535,99
591,52
554,83
631,79
709,08
783,25
878,87
943,40
1001,14
992,79
1022,07
995,22
981,31
1022,67
1193,36
1249,20
1340,87
1321,39
1273,52
1357,31
1329,98
1318,57
1464,40
1452,66
1382,10
1422,46
1408,67
1491,60
1708,24
1873,83
1875,74
1933,46
1833,54
1888,20
1994,85
2131,22
2132,13
2197,33
2067,60
2087,88
2129,21
2065,07
1890,95
1675,78
1484,50
1306,76
1261,17
1256,48
1141,72
1089,87
926,31
843,27
842,56
816,68
669,18
576,28
841,59
866,04
795,21
968,20
1053,83
1350,16
1485,82
1598,18
1672,49
1629,37
1615,35
1839,14
2160,04
1852,55
2004,22
2273,16
2114,27
1043,08
814,75
525,32
395,53
427,68
372,44
1497,39
2235,31
2174,73
2221,79
2008,26
1846,29
2028,60
2149,63
2243,30
2330,22
1972,72
1948,95
2271,93
2390,21
2352,45
2276,31
2309,42
2094,32
1270,00
788,13
473,11
562,77
899,52
1521,70
1811,53
1878,49
2129,61
2100,20
2017,65
1744,76
1767,91
1371,32
1193,74
999,58
734,84
723,22
655,64
432,23
578,76
688,64
305,12
293,27
597,05
126,98
45,20
48,13
46,05
40,30
644,28
1394,72
1120,26
1949,70
2071,00
2139,98
2357,70
837,03
300,23
264,31
107,54
338,03
661,37
820,17
699,03
259,78
66,71
51,95
52,09
52,77
48,24
37,04
46,95
82,10
424,24
909,75
653,72
497,97
475,80
526,92
445,72
403,93
312,85
304,98
290,68
212,06
260,08
269,55
219,79
286,58
435,74
554,44
565,56
410,03
484,18
476,00
263,76
227,81
115,04
88,27
79,98
55,93
42,72
27,51
11,71
12,21
7,34
3,78
3,91
9,35
38,10
90,97
153,71
200,47
282,39
421,69
644,21
839,95
979,78
1059,55
1234,24
1471,62
1619,76
1735,16
1870,05
1954,67
2005,49
2071,66
1926,86
1819,94
1863,61
1892,78
1635,15
1915,83
1955,61
1830,36
1827,93
1722,23
1411,76
1066,92
959,08
1108,89
986,37
697,06
567,74
519,41
517,91
514,20
616,20
547,50
455,89
332,53
315,88
291,08
270,49
284,56
344,38
378,57
374,31
326,42
298,41
285,88
266,56
279,53
246,10
213,53
161,28
172,31
248,26
352,12
397,15
461,50
423,32
354,16
439,64
428,29
469,70
506,31
467,99
470,60
521,45
471,11
433,58
401,24
361,61
276,30
180,03
121,23
88,38
117,24
196,08
301,06
346,76
402,32
615,49
951,79
1303,15
1737,07
1856,68
1976,66
2014,01
2137,12
2019,45
1984,21
1994,04
1943,59
1934,93
1877,36
1617,60
1494,65
1377,75
1286,48
551,71
634,40
362,79
526,75
880,31
749,72
666,58
849,89
959,08
825,93
857,84
951,42
1013,18
918,30
837,57
795,70
820,06
852,55
804,60
840,38
850,01
394,27
102,68
102,56
131,88
123,68
125,37
212,42
170,62
221,23
753,56
1293,89
1378,65
1354,68
1437,78
1609,67
1628,86
1488,97
1403,97
1336,82
1297,32
1227,10
1270,10
1287,78
1344,36
1333,78
1322,95
1386,07
1308,24
1358,96
1278,05
973,63
831,33
670,37
385,04
290,29
214,02
105,57
66,41
48,97
81,90
79,59
107,43
144,87
197,24
322,17
384,74
484,84
610,61
786,89
994,37
1214,89
1043,98
1032,82
886,84
1017,21
857,57
781,07
760,42
529,60
426,93
254,97
179,85
278,97
318,44
414,23
474,83
491,55
456,39
443,38
483,89
588,15
650,46
551,34
534,34
487,03
569,48
589,33
759,30
1069,43
1248,80
1141,32
1511,38
1618,43
1458,55
1578,36
1421,04
1423,76
1571,74
1481,91
1287,88
1361,88
1296,04
1242,24
1102,53
946,82
825,49
847,83
865,68
762,03
739,78
677,65
541,91
526,31
360,89
278,48
320,53
265,01
242,79
223,79
169,69
185,30
198,43
192,59
217,44
226,73
212,86
217,00
197,65
160,55
120,42
104,83
117,23
163,16
132,78
70,18
30,70
17,40
4,07
1,69
1,46
3,95
4,83
4,02
3,49
7,73
11,57
20,78
41,15
73,45
105,75
105,88
127,66
142,70
149,93
161,74
179,12
187,21
133,21
90,32
101,18
98,68
105,24
179,76
181,85
234,10
407,71
659,35
768,77
823,35
866,35
925,11
988,33
937,09
937,37
842,84
827,35
840,70
883,68
808,04
722,02
218,60
181,35
217,70
178,11
189,41
260,60
458,45
429,10
500,50
598,67
638,90
569,82
573,03
595,37
560,24
380,13
224,24
330,08
557,97
934,65
963,77
967,15
992,85
840,17
807,14
778,85
933,43
1106,68
1302,87
1251,86
1359,81
1290,63
1150,20
902,93
803,66
735,65
672,01
675,27
607,47
675,56
750,57
625,16
485,59
358,55
277,77
235,79
241,10
262,26
294,49
249,05
267,13
248,44
210,23
236,83
218,18
180,70
274,71
483,27
628,35
761,19
822,71
937,26
1105,24
1128,34
1193,99
1218,83
1244,44
1243,87
1272,75
1353,32
1324,65
1273,35
1229,34
1248,86
1264,17
1244,08
1335,97
1289,18
1364,98
1545,92
1425,05
1241,48
1182,05
1109,45
1035,23
1056,52
977,38
878,39
715,04
580,49
500,93
409,67
324,90
265,01
274,30
276,21
415,45
674,25
676,70
573,86
567,31
662,86
772,04
845,06
890,75
947,54
1026,44
856,56
857,09
818,51
954,39
1119,10
1052,41
989,79
852,34
874,97
790,12
753,48
806,09
699,11
646,77
638,95
557,40
498,34
636,99
722,36
676,44
687,80
689,10
726,60
613,81
577,71
526,72
523,32
448,81
389,87
411,05
360,54
249,15
172,74
121,64
156,16
151,98
167,39
141,86
107,54
81,52
67,90
65,53
104,80
115,32
135,54
117,23
88,80
67,89
91,92
116,96
119,40
141,97
158,87
186,58
251,17
475,72
706,55
883,85
1025,06
1075,68
1094,52
556,34
185,56
132,25
135,44
137,73
153,39
168,22
158,84
1554,04
1552,91
1502,83
1460,88
1406,25
1469,53
1427,26
1403,61
1374,76
1294,09
1301,01
1259,10
1137,78
1101,45
928,22
677,45
500,83
222,49
40,10
22,43
23,43
53,68
160,99
134,08
93,13
76,56
62,35
95,14
74,90
58,08
48,05
40,39
40,75
40,57
37,38
45,07
34,84
29,26
31,38
33,39
45,93
41,65
36,88
31,75
17,05
13,75
22,24
29,85
39,67
53,17
63,85
80,35
148,89
173,28
193,15
202,58
234,70
270,07
375,36
439,23
505,63
661,12
683,45
644,34
560,09
495,40
435,34
353,03
397,03
382,52
384,88
469,81
556,18
628,59
699,91
750,13
672,45
517,62
361,32
324,18
336,44
343,03
378,45
383,78
377,23
359,52
292,23
286,68
268,61
203,81
167,77
185,58
239,37
315,78
378,50
412,10
400,53
363,80
339,06
266,55
284,22
296,08
301,68
247,51
197,00
195,91
251,18
261,14
222,84
187,00
134,11
110,67
93,60
124,05
124,45
101,28
114,00
103,66
97,56
138,55
141,06
116,03
98,72
89,08
122,90
155,83
125,44
104,07
128,05
121,87
118,48
109,70
152,03
179,00
201,69
182,59
206,97
202,22
245,40
249,89
276,83
316,49
319,47
283,02
316,93
316,02
286,57
203,49
197,78
208,11
145,69
203,91
209,45
332,74
377,23
246,88
224,16
352,22
589,98
776,73
859,11
836,25
440,08
480,82
425,24
728,53
922,58
933,88
1002,87
1014,47
1245,87
1429,17
1457,55
1323,15
1274,75
1116,25
954,16
856,57
779,23
646,54
532,41
436,83
274,74
204,41
200,00
159,69
137,37
119,40
89,08
91,34
95,39
130,70
130,25
120,29
89,48
75,70
39,35
28,85
50,83
83,27
123,66
211,13
278,17
366,16
399,21
432,31
412,93
360,15
318,21
341,75
318,16
269,57
257,19
257,98
245,59
246,83
259,76
275,97
303,71
400,70
655,28
902,53
945,10
889,61
856,59
775,18
707,03
690,59
543,01
413,14
447,58
413,18
323,34
348,51
433,08
462,38
524,60
527,91
492,56
408,67
360,12
313,38
576,97
501,17
520,82
618,41
486,80
426,21
650,70
764,92
615,08
537,65
524,08
570,07
496,49
482,12
433,90
530,23
580,94
708,96
698,81
621,98
621,34
568,06
632,33
492,06
520,61
542,63
717,28
756,98
857,84
777,19
986,21
1260,18
1431,33
1218,76
1381,93
1823,22
1925,06
2045,72
1883,30
1450,53
688,06
184,49
188,90
143,49
507,95
1264,82
1834,53
1975,26
2035,55
2011,36
1966,71
1972,78
1958,00
1903,09
1943,18
1779,11
1448,36
1621,91
1717,21
1769,49
1739,69
959,19
549,22
322,21
240,88
195,53
157,68
188,42
198,06
531,38
1880,76
1866,63
1973,09
1975,45
1958,09
1907,43
1941,12
2047,06
1988,24
2010,79
1919,70
2043,56
1898,73
1708,54
1285,14
619,38
106,53
89,71
78,34
86,96
90,08
72,25
322,32
1004,94
1101,78
1006,60
1010,14
934,83
840,52
788,74
701,44
668,97
612,19
592,93
580,75
465,53
341,90
256,74
162,85
128,45
87,37
84,73
36,24
12,87
7,00
8,32
7,73
9,85
18,01
44,10
104,58
322,56
553,76
837,89
958,52
949,08
1003,67
1083,05
1129,09
1055,43
868,13
851,38
943,29
856,81
1103,87
1196,97
1180,45
1229,81
1344,18
1499,16
1641,11
1802,21
1954,99
1896,93
1445,15
1863,71
1847,86
1896,36
1691,91
1840,13
1686,59
1040,12
723,86
622,74
848,18
914,48
930,61
729,62
475,78
345,26
484,11
669,81
701,64
695,73
621,90
500,87
541,69
532,45
662,23
692,88
497,10
394,49
381,44
337,27
236,64
155,05
185,44
217,98
136,76
48,15
117,98
126,80
201,62
229,18
264,87
245,14
367,39
835,98
977,52
1167,43
1456,16
1574,01
1502,72
1322,89
1195,45
1506,98
1510,63
1418,23
1281,32
1094,03
950,12
810,05
577,33
578,74
726,05
691,84
629,11
320,73
306,28
311,69
368,77
284,66
200,79
251,89
271,43
281,47
290,18
281,14
276,44
285,41
210,38
235,97
317,87
371,95
354,34
323,47
269,98
285,16
368,72
309,63
328,20
363,89
325,50
306,35
336,06
317,15
335,15
356,93
311,43
219,73
225,53
202,86
200,99
155,59
168,83
218,71
276,05
296,29
228,52
115,56
132,30
112,29
109,44
166,11
175,20
239,75
299,42
293,16
507,95
642,19
572,46
443,49
447,13
424,67
569,56
579,55
646,35
654,68
803,42
804,31
842,33
805,49
628,39
417,54
303,63
192,65
111,31
66,47
81,26
100,42
133,89
169,85
177,75
173,32
176,71
172,40
234,87
331,67
403,50
473,30
631,73
775,70
920,56
968,69
1023,28
1122,10
1147,35
1198,39
1247,61
1223,06
1221,35
1159,58
990,72
897,70
767,74
726,81
716,47
841,50
857,25
929,83
1180,94
1203,39
1250,77
1343,84
1170,73
992,20
795,84
619,13
533,13
931,94
939,47
757,00
833,15
1012,70
1011,57
1364,69
949,09
534,81
354,44
165,22
221,98
148,64
388,56
1707,70
1847,82
1814,81
1762,76
1807,05
1676,37
1606,18
1699,85
1361,69
1358,99
1240,94
1256,54
1171,69
1288,67
1491,64
1547,70
1652,20
1715,03
1117,35
423,48
361,86
379,86
526,87
727,82
1417,82
1706,46
1832,55
1741,05
1731,93
1877,11
1874,83
1826,69
1802,52
1834,59
1850,87
1725,79
1625,25
1643,39
1785,50
1971,58
2123,88
815,52
339,88
221,87
178,99
127,90
137,05
403,86
1027,14
2039,06
2217,18
2265,04
2270,00
2205,41
1784,25
1445,86
1252,70
1033,82
934,70
889,85
822,44
878,59
835,53
964,24
1244,79
710,95
343,80
345,39
448,35
364,31
295,21
260,66
501,45
733,36
1174,71
1403,62
1287,89
1350,24
1456,89
805,09
684,72
708,92
488,05
404,34
485,74
705,38
976,45
672,09
283,99
177,85
141,89
182,61
168,31
135,23
143,58
341,00
996,94
1888,64
1735,27
1590,67
1519,43
1518,95
1469,23
1472,82
1493,85
1485,95
1041,74
954,02
1383,36
1635,28
1724,46
1807,61
1828,17
1793,01
1730,34
1766,78
1746,92
1728,47
1673,20
1505,77
1302,83
1165,69
890,64
768,00
726,63
568,94
398,94
376,63
419,40
446,04
327,67
234,48
244,77
324,94
497,47
554,95
536,23
541,40
673,47
792,35
597,35
856,97
961,62
976,66
967,03
947,00
831,99
709,74
617,38
680,24
777,45
833,36
958,52
855,28
729,91
607,50
532,78
510,71
637,84
639,79
652,56
605,27
720,73
754,91
872,27
934,87
987,03
1096,11
1313,16
1566,70
1712,71
1829,17
1865,75
1941,55
1910,19
1894,70
1846,18
1660,23
1503,26
1367,92
1230,42
1051,91
949,54
812,23
717,81
616,82
539,13
480,04
547,08
413,84
423,78
486,05
440,57
499,33
381,20
453,80
460,37
447,06
455,13
535,11
525,29
552,24
543,35
535,86
465,09
528,75
622,72
612,12
581,31
432,37
467,29
534,38
551,12
613,02
670,02
632,17
508,27
589,04
664,57
708,00
711,25
654,95
661,09
620,60
680,57
717,92
672,45
721,11
629,08
592,63
580,42
508,15
415,03
307,78
273,10
177,92
13,39
15,11
84,45
89,41
91,95
67,64
112,72
115,20
100,70
74,00
69,55
119,56
165,87
152,25
139,70
147,64
183,71
186,22
186,87
311,10
275,19
231,04
83,30
11,48
15,94
29,00
178,93
328,07
397,86
555,76
584,28
532,05
546,00
606,04
713,67
766,46
768,72
700,38
595,36
429,57
396,77
483,27
509,92
607,16
686,88
716,49
674,62
681,85
720,10
793,58
925,39
1002,11
1084,19
1272,46
1357,94
1431,64
1644,75
1508,88
1535,19
1492,39
1498,13
1083,25
1205,59
1407,61
1435,99
1496,04
1303,68
1225,70
1092,17
979,01
982,26
872,84
848,18
889,44
919,93
924,40
943,81
989,42
1014,02
918,12
820,23
768,70
664,92
419,01
306,23
131,38
125,73
161,81
168,73
238,62
182,80
143,86
82,41
218,05
348,63
589,04
695,05
879,14
778,14
935,15
1125,55
1160,60
1391,46
1379,07
1380,07
1405,83
1384,81
1296,45
1351,24
1284,13
1307,67
1289,70
1370,25
1551,02
1587,36
1625,49
1655,86
1748,17
1495,87
676,11
351,28
348,41
358,96
1324,47
2038,33
2115,10
2307,15
2291,01
2263,48
2237,75
2236,60
2255,56
2254,07
2172,44
2171,36
2179,63
2130,87
2173,26
2228,56
2190,61
2102,46
1996,56
1878,14
1624,00
1582,89
1530,63
1563,84
1722,64
1923,73
2000,08
1976,46
2045,73
2049,26
1954,68
1894,38
1842,46
1614,10
1453,70
1271,08
1121,18
968,57
862,86
794,87
682,56
588,85
521,84
505,80
571,74
592,55
621,54
781,84
758,67
786,39
766,48
627,06
694,67
722,87
765,18
769,69
637,51
571,82
478,99
441,60
425,26
466,14
540,34
682,50
710,95
678,29
675,04
366,41
410,99
453,52
652,43
1048,02
953,12
940,55
794,70
715,19
817,23
828,24
788,82
589,33
409,67
235,45
349,98
379,96
356,48
335,55
314,02
569,35
536,39
448,72
648,81
705,03
555,96
433,37
550,14
937,50
1326,81
1478,89
1641,17
1883,47
1977,75
1905,40
1903,44
1929,81
1618,11
1905,64
1646,12
1268,76
1081,22
1087,61
1407,52
2022,51
2033,94
1963,74
1831,46
1691,37
1014,93
304,07
179,89
176,75
967,65
2222,46
2343,56
2296,81
2331,63
2339,45
2212,02
2219,46
2224,23
1998,87
1622,61
1372,17
1252,80
1226,74
1263,83
1036,40
817,73
1211,67
769,76
753,33
813,75
873,97
949,65
1029,53
961,69
1134,33
1066,61
1193,52
1491,87
1604,14
1637,95
1674,32
1642,29
1370,42
987,57
870,84
692,93
584,05
550,22
636,46
702,80
635,41
528,91
530,41
567,63
514,42
519,82
557,74
513,12
427,00
574,63
452,11
486,70
435,29
455,82
597,54
700,64
717,77
759,76
756,74
784,94
822,36
786,69
957,12
943,82
931,13
975,35
1021,00
1122,39
1275,09
1443,66
1628,98
1737,22
1794,31
1746,28
1779,69
1664,66
1721,27
1781,63
1766,21
1758,02
1588,86
1513,05
1447,91
1258,61
1110,63
1073,64
991,99
920,20
872,99
833,66
867,62
650,62
375,81
169,61
492,88
948,10
937,25
841,15
730,77
696,98
771,55
739,53
667,39
613,13
549,83
588,61
612,97
529,21
425,03
440,10
417,82
357,80
267,33
272,37
259,55
55,87
82,60
19,25
121,92
285,17
326,86
266,08
203,40
197,44
243,46
263,12
296,37
234,92
228,29
226,52
189,24
128,18
127,30
167,78
190,10
220,33
207,34
182,01
161,06
204,97
310,85
466,28
553,87
677,51
780,06
789,31
705,28
697,49
581,26
486,83
462,43
422,83
397,83
386,51
348,12
327,13
395,62
443,31
427,29
338,91
273,50
177,01
141,37
141,52
155,97
176,63
185,43
196,10
258,29
279,04
308,40
252,21
257,95
206,78
165,22
149,80
124,39
93,00
112,32
135,07
144,11
153,79
200,97
224,48
215,89
210,65
190,08
194,71
228,92
236,14
285,03
381,56
441,87
429,37
454,60
547,55
609,67
523,80
508,03
461,81
377,01
307,84
321,33
348,39
343,39
415,22
461,37
514,64
595,46
576,65
596,49
594,18
558,57
566,90
705,36
835,69
956,13
1036,55
1083,22
1201,79
1204,79
1033,20
869,52
807,81
843,91
840,03
843,26
769,89
639,80
561,51
532,54
445,31
408,59
413,06
437,02
480,05
425,92
459,69
479,88
643,53
653,67
652,79
671,26
663,46
722,45
715,58
551,13
493,62
514,41
421,27
370,92
317,99
284,81
298,56
293,71
248,37
230,29
204,68
139,09
91,53
89,68
95,21
191,27
265,32
308,65
347,35
436,58
513,92
578,92
595,59
551,32
454,38
376,99
363,37
346,56
309,63
273,76
232,60
216,36
217,17
226,58
231,85
274,00
248,12
206,64
193,42
173,65
150,90
160,02
192,65
284,38
398,27
525,05
493,89
430,09
334,57
258,62
244,28
190,03
158,35
134,59
117,10
116,79
106,94
131,19
99,46
80,90
66,23
60,31
64,49
37,26
30,79
53,27
57,50
89,99
168,71
229,42
307,41
421,59
486,33
484,96
450,93
427,87
405,27
269,53
221,14
191,34
220,54
270,42
274,64
282,03
290,10
257,92
341,16
430,56
542,31
585,37
920,39
1160,02
1284,31
1636,06
1746,59
1768,28
1862,90
2065,99
2189,02
2199,50
2175,80
2212,85
2276,65
2253,00
2257,20
2265,02
2092,40
2027,51
1859,36
1961,28
2017,63
1778,07
1388,19
1122,03
760,18
860,47
808,47
673,18
476,48
303,45
243,01
186,93
160,98
226,75
411,41
627,82
931,00
1354,50
1677,68
1573,32
1877,50
1989,97
2161,15
2146,34
2018,71
1872,27
1809,44
1770,89
1744,05
1758,70
1601,24
1217,88
1107,23
1028,00
981,54
693,65
467,86
71,43
99,59
247,68
1233,99
1307,50
1278,90
1342,16
1407,43
1538,94
1626,23
1753,91
1715,10
1703,30
1618,07
1554,47
1474,00
1679,26
1721,28
1632,85
1710,59
1485,40
946,72
1285,59
1623,96
1442,37
1797,26
2007,50
2297,00
2287,65
2387,52
2372,66
2254,64
2062,69
1116,91
1147,90
842,36
1408,63
2069,76
2286,31
2277,01
2275,95
2309,88
2238,16
2227,51
2173,02
2128,48
1965,14
2058,90
2071,97
1931,40
2008,79
1752,71
1437,13
1156,81
877,49
274,81
190,47
169,46
143,00
194,75
420,01
504,13
442,45
323,84
264,06
244,81
335,03
482,17
529,45
734,28
932,81
1041,19
1152,08
1233,06
1294,91
1453,14
1578,35
1674,27
1869,89
1915,19
1955,37
1993,57
1773,92
2146,16
2219,91
2254,29
2287,04
2359,44
2341,38
2336,15
2400,98
2213,21
2015,66
1813,65
1333,73
1313,17
1192,17
1278,45
2386,50
2395,86
2371,27
2394,34
2381,52
2172,78
2212,16
2321,19
2322,79
2280,87
2254,84
2311,04
2308,91
2336,88
2257,13
2335,89
2222,62
2203,72
2134,93
2080,11
2142,44
2132,86
2115,71
2034,17
2178,96
2160,53
2176,17
2110,31
2020,75
1840,37
1778,48
1600,19
1288,36
1144,69
1042,57
1058,81
1249,82
1445,17
1564,73
1482,79
1474,97
1268,52
1291,50
1296,83
1234,72
1265,81
1257,39
1223,64
1208,60
1195,91
1136,51
1092,10
1035,02
964,11
835,78
613,97
523,49
482,57
499,59
452,72
444,11
400,54
403,82
374,72
353,17
279,99
276,96
257,24
242,32
255,22
269,61
245,67
270,53
271,76
216,16
169,11
125,87
116,07
82,87
50,21
45,48
39,89
25,66
26,57
18,42
6,85
6,50
12,38
14,58
30,78
33,44
28,99
30,72
45,02
42,04
25,02
28,20
24,74
31,63
34,94
38,89
50,30
94,57
128,92
139,03
142,27
137,58
144,33
172,36
197,68
199,74
234,79
257,52
278,96
322,55
360,76
384,24
351,21
305,12
312,44
367,40
466,44
540,32
588,89
575,60
565,02
585,81
674,78
675,12
708,03
743,78
779,84
683,15
943,45
1181,22
1438,56
1460,45
1590,03
1678,11
1751,77
1823,33
1774,27
1795,37
1973,50
2054,34
2136,78
2134,63
2270,54
2255,37
2216,67
2113,41
2012,22
1935,68
1601,12
1503,38
1336,97
1207,84
974,89
862,90
732,55
623,88
674,35
612,90
482,00
384,22
377,62
329,96
432,76
481,90
781,53
1305,31
1492,33
1565,79
1627,19
1545,24
1616,44
1609,43
1401,93
1445,38
1431,93
1378,44
1402,94
1538,61
1317,04
1301,09
1128,68
891,34
764,93
647,38
526,00
377,31
378,96
330,21
369,78
409,25
547,44
678,49
935,23
952,07
982,41
933,93
895,37
1112,94
1113,20
867,59
866,48
928,83
1037,93
1058,26
969,67
535,13
498,51
569,83
658,14
578,03
586,37
689,48
1056,43
1577,91
1721,59
1785,55
1707,41
1804,25
2057,56
2260,51
2361,22
2417,59
2431,09
2427,53
2419,10
2404,25
2404,99
2414,58
2404,47
2400,84
2295,98
2293,68
2327,83
2299,05
2255,24
2293,41
2309,50
2316,63
2274,87
2032,45
1944,50
2044,08
2168,00
2200,19
2207,37
2179,96
2167,53
2124,84
2199,19
2227,32
2189,38
2121,51
2008,02
1663,89
1398,97
1172,97
1071,40
953,09
1014,55
935,27
868,06
1081,62
1371,81
1499,19
1651,39
1753,41
1729,00
1793,26
1825,27
2003,66
2156,82
2267,36
2364,83
2411,50
2424,96
2440,93
2412,41
2399,83
1171,52
1373,12
960,02
956,59
943,59
976,49
1655,50
1378,65
1238,75
1133,89
1349,41
1357,36
1532,86
1676,11
1811,08
1792,04
1778,92
1790,73
1827,57
1794,38
1805,26
1852,90
1943,08
1971,11
1981,29
1840,75
1795,90
1886,77
1878,48
1710,78
1650,83
1539,84
1525,09
1514,16
1366,50
1378,36
1320,73
1271,77
1233,58
1278,69
1214,50
1220,28
1149,54
1113,27
1077,03
933,52
926,29
912,26
914,08
844,04
820,04
842,69
767,99
615,67
497,58
363,39
287,03
232,26
179,21
109,69
62,39
30,21
17,13
13,69
32,68
81,84
203,14
373,39
583,11
774,27
946,67
1114,91
1243,96
1319,99
1417,69
1411,36
1460,99
1836,05
2042,00
2177,24
2236,82
2250,49
2304,43
2435,45
2421,81
1735,73
2316,26
2313,15
2308,60
2376,55
2468,06
2459,77
2461,35
2448,88
2429,49
2437,09
2361,07
2346,67
2345,28
2253,79
2179,56
2271,86
2427,86
2392,32
2393,74
2384,65
2300,70
2186,54
1953,09
1872,82
1757,69
1791,55
1637,27
1500,83
1458,30
1429,63
1327,55
1221,52
1060,30
874,39
704,37
501,16
422,06
330,85
247,58
263,48
251,78
289,23
301,53
189,65
99,86
76,32
127,30
256,79
265,78
266,56
286,91
360,22
355,15
446,25
616,26
733,86
773,61
815,93
819,39
754,27
681,06
694,31
660,84
621,36
588,86
601,62
582,87
453,10
494,27
536,69
581,11
559,93
601,91
587,60
631,94
757,17
1054,24
1110,31
1044,75
1294,45
1292,05
1403,77
1522,71
1612,18
1516,22
1497,20
1507,87
1459,66
1467,31
1309,81
963,62
1013,11
1204,11
983,92
671,69
481,29
592,33
889,28
1744,23
1917,82
2153,18
2306,48
2316,55
2338,44
2355,72
1850,91
539,27
394,72
389,92
468,71
616,21
2076,31
2376,40
2388,07
2188,63
2125,29
2095,57
2052,30
1981,07
1957,08
1886,97
1863,03
1925,38
1759,21
1493,13
1244,63
1101,50
930,44
826,44
680,31
605,99
434,43
442,65
456,22
412,39
526,74
723,60
874,51
1152,31
1257,11
1351,70
1420,50
1591,64
1684,31
1707,87
1805,61
1928,50
2041,37
2073,82
2131,17
2212,92
2178,81
2149,63
2174,94
2089,13
1821,01
1540,73
1532,50
1380,82
1307,14
1142,95
1249,48
1341,85
1253,23
1206,30
963,29
963,58
1109,07
1124,76
1067,05
912,80
958,61
1005,72
1112,06
1187,28
1308,00
1328,68
1267,70
1319,76
1218,98
1018,85
936,47
852,55
851,07
865,97
1011,68
1070,73
895,27
702,72
623,33
585,61
594,92
667,01
603,25
653,56
784,36
934,02
1203,31
1331,66
1467,11
1525,27
1477,33
1247,19
1089,01
1034,86
924,56
893,86
795,68
638,80
610,31
529,16
463,29
462,81
398,76
311,73
271,05
316,99
313,05
281,77
209,49
185,63
211,11
163,26
202,41
168,50
171,86
134,64
101,06
96,45
83,21
39,32
16,26
12,31
10,89
1,76
15,69
70,19
85,74
169,35
276,64
312,84
419,24
481,87
615,56
729,48
878,37
1061,54
1159,65
1335,06
1561,97
1717,54
1806,59
1715,23
1098,21
1018,39
1188,71
1196,14
1141,98
1427,00
1571,32
1601,97
1545,26
1632,13
1557,21
1472,58
1555,53
1721,23
1716,43
1786,58
1468,84
1227,29
1168,37
1122,68
1190,91
1272,27
1386,12
1504,45
1506,30
1372,97
1211,09
1145,86
1164,21
1085,43
1101,08
1175,50
1215,64
1006,47
1056,04
832,89
891,68
783,35
770,56
845,08
700,45
605,67
575,40
489,47
414,83
314,28
261,72
205,84
195,87
182,27
156,32
162,51
147,10
123,71
104,42
102,89
126,46
211,00
293,17
360,20
442,08
489,23
465,77
537,14
550,78
717,81
832,16
989,66
1121,38
1314,04
1343,94
1472,89
1660,86
1705,90
1673,07
1777,42
2029,24
2107,16
2178,90
2195,06
2147,35
2097,35
2050,00
2007,77
2033,57
2001,05
1972,14
1883,41
1831,69
1690,26
1594,59
1523,10
1516,28
1330,65
1332,33
1592,94
1815,07
1843,40
1673,82
1657,63
1780,88
1861,69
1913,55
2097,30
2168,52
2227,15
2247,81
2297,57
2293,47
2297,04
2403,27
2403,50
2372,40
2387,29
2367,49
2363,32
2353,04
2313,78
1926,81
1713,73
1420,77
1252,55
1180,02
1292,39
1928,77
2327,29
2348,67
2356,08
2099,28
1803,44
1936,36
1941,50
2129,47
2331,32
2382,94
2394,88
2404,19
2407,89
2387,97
2362,52
2338,16
2223,14
2188,20
2044,98
1739,14
1521,40
1305,39
1045,70
824,79
513,86
241,74
157,57
86,66
57,16
60,48
39,49
54,48
64,76
144,91
199,21
267,30
374,75
477,48
621,54
818,86
968,83
1067,38
1112,30
1274,12
1462,64
1525,04
1686,90
1720,64
1791,04
1935,14
2087,86
1987,42
2020,07
2038,69
1978,79
1966,69
2067,84
2058,82
2039,58
1963,97
2052,47
1956,90
1749,26
1585,58
1304,22
1034,55
702,09
554,71
427,25
285,12
176,41
105,61
18,67
11,16
21,21
47,10
54,84
60,56
58,86
87,80
95,00
103,82
98,73
85,95
86,13
90,10
95,20
117,13
87,39
83,73
74,11
74,30
111,16
96,47
71,97
74,39
69,06
66,96
87,47
73,78
68,08
62,54
57,23
35,46
20,22
7,89
8,40
7,01
13,46
26,52
22,97
21,56
18,01
11,14
3,31
3,09
2,60
4,67
2,08
5,59
12,01
13,02
23,09
28,35
37,71
44,41
53,02
55,23
57,67
48,43
58,23
45,25
61,80
87,05
101,70
74,71
72,67
134,58
179,03
163,28
173,95
193,46
181,56
116,11
79,03
70,21
29,12
25,62
35,66
40,44
51,66
38,83
27,73
14,27
5,62
3,92
3,73
9,51
19,85
57,55
77,84
115,95
135,98
104,56
83,58
103,40
117,15
148,48
168,81
196,25
271,78
366,62
434,59
483,79
571,52
639,45
705,36
827,50
896,81
981,47
1005,99
1041,67
1010,46
990,49
955,69
806,06
738,60
801,00
743,47
764,92
821,21
894,78
791,45
691,66
594,85
487,52
496,16
460,18
484,15
486,06
444,85
431,05
407,36
371,43
333,31
313,34
272,34
266,35
281,69
295,05
282,58
256,12
260,07
238,65
245,83
247,55
268,38
308,01
312,38
379,14
453,69
265,82
137,98
127,60
133,21
166,94
194,46
194,87
266,08
282,15
409,68
531,52
630,56
673,79
548,87
425,29
339,69
263,66
285,25
414,58
482,03
397,07
331,50
338,92
294,25
309,78
353,29
359,00
400,83
367,93
338,96
316,77
242,49
144,82
76,32
38,89
38,19
51,53
59,23
70,18
74,82
58,76
68,37
30,52
23,88
25,86
55,78
45,85
26,42
96,56
91,18
134,16
122,39
188,64
175,30
144,78
127,67
164,62
172,12
221,46
363,30
512,92
602,79
652,17
743,10
799,57
889,81
933,04
816,14
851,31
895,75
914,83
1002,75
928,76
877,05
1005,13
1184,05
1215,93
1459,81
1490,01
1551,14
1469,71
1682,80
1744,94
1663,57
1676,01
1777,00
1720,50
1725,47
1781,10
1782,99
1774,75
1895,05
1690,18
1703,43
1616,00
1584,02
1508,74
1578,90
1557,07
1259,04
994,47
857,98
930,05
1074,45
1103,45
1159,69
1216,25
1248,13
1209,94
1371,06
1518,27
1616,17
1691,25
1790,67
1756,35
1614,09
1409,69
1334,58
1339,30
1418,15
1505,58
1593,25
1654,83
1614,61
1758,07
1831,58
2028,27
2153,68
2279,90
2304,31
2309,55
2338,11
2337,86
2305,53
2310,61
2315,18
2216,99
2163,97
2182,48
2240,86
2332,05
2233,34
1918,74
1926,88
2058,38
2205,20
2259,79
2281,14
2210,96
2134,00
2080,59
1958,88
1994,51
2057,56
1997,93
1919,20
1979,08
1898,90
2028,69
2036,20
2067,29
2063,64
2127,30
2132,84
2177,27
2222,31
2257,78
2274,73
2319,06
2287,18
2333,31
2321,51
2303,12
2316,15
2317,78
2313,79
2302,08
2311,49
2294,30
2280,61
2268,89
2251,98
2270,23
2155,13
2085,83
2061,58
2019,88
1937,91
2021,59
2001,88
1852,77
1881,25
2010,95
2131,75
2125,79
2172,22
2143,43
2124,54
2100,00
2035,75
1928,87
1830,53
1772,90
1599,49
1592,16
1209,09
1023,98
813,97
610,58
493,11
331,85
238,68
190,38
351,29
250,41
170,74
191,98
155,29
94,93
92,82
124,91
313,49
477,82
406,34
556,58
675,40
768,84
687,21
779,23
726,30
677,95
613,22
694,64
795,90
891,33
971,53
983,59
1063,43
1132,24
1137,64
1185,09
952,53
798,59
725,27
697,32
774,55
780,56
739,47
762,41
764,32
603,18
616,53
597,68
743,75
1014,18
1085,76
1093,69
1112,10
1144,15
1305,36
864,22
820,10
784,51
1026,73
745,51
532,15
421,68
349,66
366,71
323,36
276,42
204,61
131,64
171,27
138,11
152,62
235,78
349,95
610,24
538,41
516,27
531,32
387,70
298,85
203,07
169,51
257,35
483,00
978,22
1388,33
1702,92
1901,05
1911,72
1912,99
1819,38
1757,14
1690,29
1416,22
1527,17
1688,42
1695,77
1786,84
1956,98
2026,04
1711,43
1561,24
1633,85
1631,12
1454,90
1414,05
1401,07
1319,42
1302,84
1309,32
1309,83
1444,51
1791,90
1968,70
2075,08
2218,25
2258,70
2273,63
2276,82
2180,95
1255,07
1504,28
1216,21
1234,65
1170,97
1305,42
1366,89
2054,17
2151,37
2183,49
2184,84
2208,14
2303,54
2299,39
2293,94
2271,24
2302,72
2304,04
2293,11
2289,46
2271,48
2258,69
2119,84
1221,59
581,54
560,43
533,59
527,24
550,22
649,82
1160,80
2263,21
2282,55
2293,73
2286,42
2288,24
2266,75
2226,28
2243,28
2179,20
2123,03
2113,01
2138,17
2014,41
1958,30
1796,64
1866,39
1953,69
2003,98
2085,31
2209,66
2168,50
2209,84
2196,27
2241,34
2154,16
2167,20
2132,04
2045,16
2096,65
2072,45
2089,48
2098,09
2093,01
2188,72
2176,11
2002,00
2030,36
1875,58
1804,03
1751,71
1816,06
1806,93
1711,49
1616,13
1540,95
1423,45
1201,94
988,18
760,30
804,11
679,08
553,41
460,35
344,19
312,54
355,86
378,34
445,82
696,12
1086,21
1265,90
1546,49
1834,91
1936,59
2077,44
2097,55
2077,23
2010,35
1818,43
1582,34
1447,22
1479,27
1742,90
2227,35
2292,51
2276,34
2209,05
2062,30
1878,81
1788,69
1698,32
1560,64
1292,23
1010,34
828,22
723,29
478,19
289,65
245,15
177,18
158,46
154,86
225,40
326,84
357,17
416,83
427,14
497,68
614,87
820,13
973,69
1059,04
1216,45
1363,49
1407,46
1385,55
1405,46
1506,87
1565,61
1654,71
1721,32
1773,82
1835,17
1884,36
1882,76
1882,13
1935,55
1973,17
2034,69
2109,47
2192,13
2196,31
2206,59
2187,87
2121,95
1970,08
1881,64
1753,90
1738,71
1765,13
1564,20
1656,92
1703,51
1513,64
1408,84
1323,56
1260,47
1212,87
1096,03
919,51
938,53
1047,35
1013,70
908,54
860,96
867,97
960,68
1026,97
1012,22
1044,85
1110,49
1152,92
1227,48
1408,72
1507,63
1696,57
1826,22
1819,67
1853,96
1923,88
1869,02
1827,76
1860,56
1884,31
1812,26
1737,60
1887,17
1916,56
1975,58
1979,22
1929,14
1975,99
1728,95
1751,68
1846,51
1832,07
1644,40
1589,93
1575,47
1439,44
1401,03
1438,92
1541,04
1602,32
1661,46
1631,93
1704,82
1552,12
1265,71
1205,85
1189,69
1074,49
1027,11
1059,27
1182,89
1260,06
1317,38
1220,55
1187,30
1147,71
1144,00
1287,62
1473,71
1818,85
1975,00
1858,12
1732,54
1653,05
1627,52
1610,45
1605,43
1578,13
1633,00
1510,62
1297,41
1160,17
1129,11
1178,55
1266,44
1242,69
1178,43
1135,73
973,01
934,85
951,23
906,54
899,29
935,69
868,80
841,62
839,72
799,91
815,18
843,58
912,74
1029,99
1035,30
1088,93
1158,63
1176,15
1216,41
1336,35
1459,00
1501,31
1603,51
1797,61
1904,95
2077,63
2245,35
2308,00
2329,56
2315,03
2321,45
2325,54
2320,62
2330,87
2316,25
2334,69
2332,98
2299,81
1898,09
1844,74
2212,51
2226,95
2059,52
1802,14
1567,74
1375,52
1225,16
1019,15
760,55
654,69
628,75
450,94
371,86
223,13
99,14
89,73
142,54
133,48
85,12
120,72
207,75
434,30
676,67
1026,55
1172,70
1293,91
1487,84
1586,42
1661,63
1698,86
1754,07
1776,02
1802,54
1944,59
2052,76
2142,61
2187,58
2130,17
2014,65
1870,11
1830,44
1737,04
1594,48
1390,98
1334,39
1434,15
1567,80
1730,50
1775,55
1838,64
1828,56
1951,57
1858,63
1719,34
1827,47
1911,20
1818,74
1796,78
1982,09
2053,91
2105,53
2165,15
2239,54
2239,98
2223,04
2226,01
2253,24
2204,02
2263,76
2288,43
2292,11
2267,08
2304,69
2312,36
2314,87
2322,15
2313,07
2313,11
2296,72
2219,33
2133,59
2014,11
1955,12
1949,58
1929,83
1912,83
1880,99
1746,49
1630,65
1500,04
1358,67
1273,11
1192,66
1154,62
1145,23
1107,96
1004,20
878,11
786,43
644,68
568,28
455,28
349,78
260,57
208,45
211,89
194,42
125,29
87,79
64,64
67,12
67,65
77,18
89,85
115,95
167,37
278,59
292,72
327,43
362,75
337,62
275,84
362,53
379,21
362,15
392,62
345,99
264,73
302,57
344,65
406,34
442,45
469,61
369,50
338,69
339,88
270,41
233,85
210,64
119,67
77,50
66,57
54,04
50,80
49,95
44,91
28,11
18,64
12,63
9,68
34,77
74,48
110,25
100,05
68,96
59,15
54,71
52,88
42,20
56,60
63,22
106,42
95,50
111,32
116,64
143,53
177,80
250,16
276,41
369,05
456,95
573,97
848,48
815,66
748,79
664,35
627,94
563,64
536,38
561,64
721,02
752,40
814,26
968,96
976,64
964,05
988,29
921,06
1061,70
1158,01
1236,77
1284,28
1307,49
1340,82
1432,42
1565,49
1659,38
1780,72
1914,22
1935,94
2042,91
2142,45
2177,08
2130,22
2106,14
2109,05
2105,98
2047,26
1920,22
1938,28
1935,87
1942,46
1986,85
1987,30
1928,53
1877,41
1700,63
1437,80
1526,02
1651,85
1894,28
1888,16
1880,44
1887,09
2119,57
2196,55
2213,01
2214,17
2207,76
2221,55
2191,08
2174,91
2195,63
2169,00
1583,19
990,03
843,26
753,87
797,55
949,05
1050,71
2100,96
1988,14
1878,15
1803,98
1790,60
1951,46
2049,02
2034,40
2018,04
1978,59
1981,46
2030,94
2147,50
2178,28
2201,85
2197,11
2159,37
2183,39
2244,16
2187,09
2197,41
2181,76
2197,44
2129,89
2119,70
2067,49
1995,49
1870,38
1672,73
1657,49
1749,53
1669,86
1715,48
1723,50
1577,59
1450,20
1493,57
1423,78
1424,04
1326,79
1518,16
1654,21
1641,59
1650,67
1871,30
2040,13
2091,32
2140,72
2130,96
2128,94
2104,02
2106,24
2085,00
2084,37
2075,95
2107,55
2086,30
2089,82
2098,27
2080,47
2189,08
2266,24
2251,83
2253,03
2230,38
2042,93
1793,37
1483,23
1248,83
594,51
554,49
648,01
905,18
1057,12
1433,52
1410,98
1674,42
2044,35
1926,30
1894,78
2077,76
2072,06
2043,23
2092,43
2228,75
2268,33
2272,01
2296,51
2245,42
2222,75
2269,47
2186,84
2182,37
2185,90
2212,63
2278,69
2297,82
2325,93
2318,40
2288,00
2279,21
2298,82
2271,76
2203,85
2148,03
1991,77
1965,92
1929,04
1938,76
1849,93
1956,10
2135,37
2275,78
2311,28
2334,09
2326,46
2329,90
2269,45
2037,32
2011,20
2224,59
2229,05
2235,26
2248,71
2247,99
2271,19
2306,54
2321,59
2330,20
2348,27
2377,60
2353,18
2351,52
2377,44
2385,33
2386,14
2379,71
2335,11
1409,32
1075,77
1057,07
671,20
617,54
911,86
997,51
1833,19
1832,94
1787,16
1782,65
1553,65
1730,67
1440,25
1578,77
1877,88
1990,86
1983,87
1791,19
1752,41
1736,54
1772,29
1776,75
1775,78
1943,07
2079,17
2156,55
2189,73
2166,00
1965,07
1917,31
1940,02
1968,75
2055,47
2038,43
1856,34
1726,94
1700,57
1845,32
1989,97
1965,55
1785,58
1562,46
1280,98
1223,56
943,38
597,28
426,19
267,58
141,30
82,55
50,27
54,04
87,43
217,09
319,94
381,11
530,31
832,99
1041,35
1137,65
1101,16
1147,79
1174,87
1359,72
1495,80
1604,20
1656,13
1533,91
1489,28
1576,70
1716,85
1733,26
1644,84
1636,46
1492,83
1300,73
1154,66
1345,37
1204,44
1157,69
1208,38
1048,46
927,24
1094,95
1152,25
1114,47
978,57
995,96
1041,81
1088,44
1129,56
1129,86
978,98
882,83
990,09
952,02
945,11
924,80
726,28
718,43
616,79
593,91
535,81
460,27
481,16
503,75
484,05
421,70
374,72
310,01
248,11
203,74
166,61
150,33
144,78
171,30
158,08
160,86
150,84
99,50
92,56
59,34
55,43
48,53
59,69
55,71
65,28
77,30
103,99
154,50
225,21
241,27
246,49
232,51
179,19
125,75
113,08
84,24
53,77
67,25
103,77
128,02
140,69
174,88
190,86
235,02
219,15
220,27
209,05
214,06
202,91
215,10
266,46
298,09
343,88
437,27
508,54
551,38
605,62
681,51
773,72
870,00
964,15
1038,57
1123,12
1080,25
1129,49
1204,52
1296,70
1272,53
1403,18
1459,33
1556,97
1753,57
1903,97
2026,64
2117,07
2146,68
2139,72
2199,42
2216,01
2288,46
2326,55
2366,55
2423,31
2436,76
2435,26
2433,12
2422,08
2424,34
2333,69
2373,43
2337,00
2362,47
2312,70
2295,19
2328,05
2421,32
2356,27
2250,36
2092,09
2008,39
2048,74
2037,45
2042,29
2075,36
2290,67
2428,76
2461,79
2458,64
2449,65
2341,73
2023,84
1948,33
1843,92
1687,80
1339,46
1084,08
1011,63
962,04
1010,20
1448,74
1608,25
1702,00
1757,77
1845,09
1999,03
2089,65
2207,06
2381,05
2423,64
2455,53
2463,46
2461,21
2465,89
2464,62
2468,18
2459,13
2450,05
2438,29
1697,68
1789,14
1809,43
1517,82
1498,38
1292,93
1302,48
1148,80
1525,76
1461,37
1373,59
1183,63
988,09
725,31
772,02
891,02
810,38
855,15
1047,08
1139,91
1235,31
1245,46
1345,12
1255,01
